v 0.21194255200801648 0.4861435123212856 -0.0872746584322911
v 0.21146779428964801 0.48071700676919393 -0.14953682706302523
v 0.12511846317455133 -0.5062603641848185 -0.00011891568463295865
v 0.12464370545618286 -0.5116868697369101 -0.06238108431536704
v 0.14920562565891393 0.48616424069092257 -0.14953682706302523
v 0.1496803833772824 0.49159074624301424 -0.0872746584322911
v 0.06238153682544867 -0.5062396358151815 -0.06238108431536704
v 0.06285629454381714 -0.5008131302630898 -0.00011891568463295865
vt 0 1
vt 0.3333333333333333 1
vt 0.3333333333333333 0
vt 0 0
vt 0 1
vt 0.3333333333333333 1
vt 0.3333333333333333 0
vt 0 0
vt 0 1
vt 0.3333333333333333 1
vt 0.3333333333333333 0
vt 0 0
vt 0 1
vt 0.3333333333333333 1
vt 0.3333333333333333 0
vt 0 0
vt 0 1
vt 0.3333333333333333 1
vt 0.3333333333333333 0.9375
vt 0 0.9375
vn -0.007596123493895975 -0.08682408883346518 -0.9961946980917455
vn 0.9961946980917455 -0.08715574274765824 1.734723475976807e-18
vn 0.007596123493895975 0.08682408883346518 0.9961946980917455
vn -0.9961946980917455 0.08715574274765824 -1.734723475976807e-18
vn 0.08682408883346522 0.9924038765061041 -0.0871557427476582
f 4/4/1 7/3/1 5/2/1 2/1/1
f 3/8/2 4/7/2 2/6/2 1/5/2
f 8/12/3 3/11/3 1/10/3 6/9/3
f 7/16/4 8/15/4 6/14/4 5/13/4
f 6/20/5 1/19/5 2/18/5 5/17/5
v -0.10671667866664064 0.48767422153241724 0.274146700952718
v -0.10624192094827212 0.4931007270845087 0.2118845323219838
v -0.06276847473233105 -0.5076156094679717 0.1877365876663346
v -0.06229371701396247 -0.5021891039158801 0.12547441903560053
v -0.1686797292019786 0.49040544046836065 0.21117352562004865
v -0.16915448692034707 0.4849789349162692 0.27343569425078285
v -0.12473152526766895 -0.5048843905320283 0.12476341233366539
v -0.12520628298603753 -0.5103108960841198 0.18702558096439947
vt 0 1
vt 0.3333333333333333 1
vt 0.3333333333333333 0
vt 0 0
vt 0 1
vt 0.3333333333333333 1
vt 0.3333333333333333 0
vt 0 0
vt 0 1
vt 0.3333333333333333 1
vt 0.3333333333333333 0
vt 0 0
vt 0 1
vt 0.3333333333333333 1
vt 0.3333333333333333 0
vt 0 0
vt 0 1
vt 0.3333333333333333 1
vt 0.3333333333333333 0.9375
vt 0 0.9375
vn 0.007596123493896394 0.086824088833465 -0.9961946980917455
vn 0.9990049320593036 0.04312458585836907 0.01137610723096196
vn -0.007596123493896394 -0.086824088833465 0.9961946980917455
vn -0.9990049320593036 -0.04312458585836907 -0.01137610723096196
vn -0.0439482039343096 0.995289831000389 0.08641011328638334
f 12/24/6 15/23/6 13/22/6 10/21/6
f 11/28/7 12/27/7 10/26/7 9/25/7
f 16/32/8 11/31/8 9/30/8 14/29/8
f 15/36/9 16/35/9 14/34/9 13/33/9
f 14/40/10 9/39/10 10/38/10 13/37/10
v 0.3314938085273592 0.4941751742005692 -0.0003893195741440647
v 0.3322061557965461 0.4941594537313513 -0.0628852579560496
v 0.37461273049225974 -0.504894496457317 0.00035347254192030775
v 0.37532507776144675 -0.5049102169265349 -0.06214246583998517
v 0.2697683475428396 0.49146416711520324 -0.06359626465798468
v 0.26905600027365273 0.4914798875844212 -0.0011003262760791999
v 0.31288726950774026 -0.507605503542683 -0.06285347254192031
v 0.31217492223855325 -0.507589783073465 -0.0003575341600148274
vt 0 1
vt 0.3333333333333333 1
vt 0.3333333333333333 0
vt 0 0
vt 0 1
vt 0.3333333333333333 1
vt 0.3333333333333333 0
vt 0 0
vt 0 1
vt 0.3333333333333333 1
vt 0.3333333333333333 0
vt 0 0
vt 0 1
vt 0.3333333333333333 1
vt 0.3333333333333333 0
vt 0 0
vt 0 1
vt 0.3333333333333333 1
vt 0.3333333333333333 0.9375
vt 0 0.9375
vn 0.011397556306990091 -0.0002515275074868894 -0.9999350141104881
vn 0.9990049320593036 0.04312458585836915 0.01137610723096195
vn -0.011397556306990091 0.0002515275074868894 0.9999350141104881
vn -0.9990049320593036 -0.04312458585836915 -0.01137610723096195
vn -0.0431189219649006 0.9990696706578862 -0.0007427921160643769
f 20/44/11 23/43/11 21/42/11 18/41/11
f 19/48/12 20/47/12 18/46/12 17/45/12
f 24/52/13 19/51/13 17/50/13 22/49/13
f 23/56/14 24/55/14 22/54/14 21/53/14
f 22/60/15 17/59/15 18/58/15 21/57/15
v 0.2165227276016104 0.17389046435803834 0.3728224961453719
v 0.2174726644071151 0.17931673455469088 0.31056574380622015
v 0.1869925777958511 -0.510341703079993 0.31273454980416926
v 0.1879425146013558 -0.5049154328833406 0.25047779746501764
v 0.1550375720099081 0.18207387051802448 0.30985339653703337
v 0.15408763520440338 0.17664760032137194 0.372110148876185
v 0.1255074222041489 -0.5021582969200069 0.24976545019583074
v 0.1245574853986442 -0.5075845671166593 0.31202220253498236
vt 0 0.6875
vt 0.3333333333333333 0.6875
vt 0.3333333333333333 0
vt 0 0
vt 0 0.6875
vt 0.3333333333333333 0.6875
vt 0.3333333333333333 0
vt 0 0
vt 0 0.6875
vt 0.3333333333333333 0.6875
vt 0.3333333333333333 0
vt 0 0
vt 0 0.6875
vt 0.3333333333333333 0.6875
vt 0.3333333333333333 0
vt 0 0
vt 0 1
vt 0.3333333333333333 1
vt 0.3333333333333333 0.9375
vt 0 0.9375
vn 0.015198988888075627 0.08682032314643984 -0.9961080374264271
vn 0.9989614783553119 -0.044114175413338855 0.011397556306990169
vn -0.015198988888075627 -0.08682032314643984 0.9961080374264271
vn -0.9989614783553119 0.044114175413338855 -0.011397556306990169
vn 0.04295294517201347 0.9952467890007729 0.08740064922356738
f 28/64/16 31/63/16 29/62/16 26/61/16
f 27/68/17 28/67/17 26/66/17 25/65/17
f 32/72/18 27/71/18 25/70/18 30/69/18
f 31/76/19 32/75/19 30/74/19 29/73/19
f 30/80/20 25/79/20 26/78/20 29/77/20
v -0.09468673289149648 0.1799105042417083 -0.34198887487901064
v -0.09409532820067018 0.1771712410891363 -0.40442601669277906
v -0.12532815614680964 -0.5062589364053808 -0.3121752554585223
v -0.1247367514559834 -0.5089981995579528 -0.3746123972722908
v -0.15653042059787714 0.1799283770524699 -0.40513836396196595
v -0.15712182528870344 0.1826676402050419 -0.34270122214819754
v -0.18717184385319036 -0.5062410635946192 -0.3753247445414777
v -0.1877632485440166 -0.5035018004420472 -0.3128876027277092
vt 0 0.6875
vt 0.3333333333333333 0.6875
vt 0.3333333333333333 0
vt 0 0
vt 0 0.6875
vt 0.3333333333333333 0.6875
vt 0.3333333333333333 0
vt 0 0
vt 0 0.6875
vt 0.3333333333333333 0.6875
vt 0.3333333333333333 0
vt 0 0
vt 0 0.6875
vt 0.3333333333333333 0.6875
vt 0.3333333333333333 0
vt 0 0
vt 0 1
vt 0.3333333333333333 1
vt 0.3333333333333333 0.9375
vt 0 0.9375
vn 0.009462475053220658 -0.04382821044115254 -0.9989942690202949
vn 0.9989614783553119 -0.04411417541333885 0.011397556306990173
vn -0.009462475053220658 0.04382821044115254 0.9989942690202949
vn -0.9989614783553119 0.04411417541333885 -0.011397556306990173
vn 0.04456934291681915 0.9980646409412204 -0.04336526461161933
f 36/84/21 39/83/21 37/82/21 34/81/21
f 35/88/22 36/87/22 34/86/22 33/85/22
f 40/92/23 35/91/23 33/90/23 38/89/23
f 39/96/24 40/95/24 38/94/24 37/93/24
f 38/100/25 33/99/25 34/98/25 37/97/25
v 0.06588113564126663 0.1795573212797954 -0.2779194133686138
v 0.06693985554162118 0.1714069364579769 -0.33987665942933587
v 0.12435291164502404 -0.4994705324439584 -0.18759513491437602
v 0.1254116315453786 -0.507620917265777 -0.24955238097509813
v 0.004675312351218652 0.16599838616771234 -0.3402291435398618
v 0.003616592450864098 0.17414877098953085 -0.2782718974791397
v 0.06314708835497596 -0.5130294675560415 -0.24990486508562398
v 0.0620883684546214 -0.504879082734223 -0.18794761902490187
vt 0 0.6875
vt 0.3333333333333333 0.6875
vt 0.3333333333333333 0
vt 0 0
vt 0 0.6875
vt 0.3333333333333333 0.6875
vt 0.3333333333333333 0
vt 0 0
vt 0 0.6875
vt 0.3333333333333333 0.6875
vt 0.3333333333333333 0
vt 0 0
vt 0 0.6875
vt 0.3333333333333333 0.6875
vt 0.3333333333333333 0
vt 0 0
vt 0 1
vt 0.3333333333333333 1
vt 0.3333333333333333 0.9375
vt 0 0.9375
vn 0.01693951840567237 -0.1304061571490975 -0.9913159369715535
vn 0.996232691046441 0.08653680464423294 0.005639745768414433
vn -0.01693951840567237 0.1304061571490975 0.9913159369715535
vn -0.996232691046441 -0.08653680464423294 -0.005639745768414433
vn -0.08504985600546523 0.987676878143642 -0.13138076866070952
f 44/104/26 47/103/26 45/102/26 42/101/26
f 43/108/27 44/107/27 42/106/27 41/105/27
f 48/112/28 43/111/28 41/110/28 46/109/28
f 47/116/29 48/115/29 46/114/29 45/113/29
f 46/120/30 41/119/30 42/118/30 45/117/30
v -0.18872721258280634 1.1034920158513044 -0.29939069756004016
v -0.22357343480627845 1.0937133944614543 -0.3503452789091825
v -0.050521196573925065 -0.5014829111321142 -0.08589694848638746
v -0.08536741879739718 -0.5112615325219642 -0.13685152983552978
v -0.2751848194349561 1.0939578381155326 -0.31509680058726525
v -0.24033859721148398 1.1037364595053827 -0.2641422192381229
v -0.13697880342607494 -0.5110170888678858 -0.10160305151361254
v -0.10213258120260282 -0.5012384674780358 -0.050648470164470216
vt 0 1
vt 0.3333333333333333 1
vt 0.3333333333333333 0
vt 0 0
vt 0 1
vt 0.3333333333333333 1
vt 0.3333333333333333 0
vt 0 0
vt 0 1
vt 0.3333333333333333 1
vt 0.3333333333333333 0
vt 0 0
vt 0 1
vt 0.3333333333333333 1
vt 0.3333333333333333 0
vt 0 0
vt 0 1
vt 0.3333333333333333 1
vt 0.3333333333333333 0.9375
vt 0 0.9375
vn -0.5575395555755537 -0.15645794223760043 -0.8152733015862776
vn 0.8257821540588435 -0.003911098465253282 -0.5639756531506759
vn 0.5575395555755537 0.15645794223760043 0.8152733015862776
vn -0.8257821540588435 0.003911098465253282 0.5639756531506759
vn -0.08504985600546536 0.987676878143642 -0.13138076866070936
f 52/124/31 55/123/31 53/122/31 50/121/31
f 51/128/32 52/127/32 50/126/32 49/125/32
f 56/132/33 51/131/33 49/130/33 54/129/33
f 55/136/34 56/135/34 54/134/34 53/133/34
f 54/140/35 49/139/35 50/138/35 53/137/35
v 0.3518663333581199 0.9696549372144099 0.2193775934828638
v 0.3570435919970514 0.9755490161794094 0.1573719015978443
v 0.18460841382365856 -0.5129213306337332 0.06448279574428772
v 0.18978567246258993 -0.5070272516687339 0.002477103859268248
v 0.2951495057108029 0.9829975984818766 0.15291200199428845
v 0.2899722470718714 0.9771035195168771 0.21491769387930781
v 0.12789158617634144 -0.4995786693662667 -0.0019827957442876687
v 0.12271432753741007 -0.5054727483312661 0.06002289614073175
vt 0 1
vt 0.3333333333333333 1
vt 0.3333333333333333 0
vt 0 0
vt 0 1
vt 0.3333333333333333 1
vt 0.3333333333333333 0
vt 0 0
vt 0 1
vt 0.3333333333333333 1
vt 0.3333333333333333 0
vt 0 0
vt 0 1
vt 0.3333333333333333 1
vt 0.3333333333333333 0
vt 0 0
vt 0 1
vt 0.3333333333333333 1
vt 0.3333333333333333 0.9375
vt 0 0.9375
vn 0.08283613822290364 0.09430526343999034 -0.9920910701603105
vn 0.9903053805799761 -0.11917731683947488 0.07135839365689554
vn -0.08283613822290364 -0.09430526343999034 0.9920910701603105
vn -0.9903053805799761 0.11917731683947488 -0.07135839365689554
vn 0.11150527968964091 0.9883841785654288 0.10326319849238404
f 60/144/36 63/143/36 61/142/36 58/141/36
f 59/148/37 60/147/37 58/146/37 57/145/37
f 64/152/38 59/151/38 57/150/38 62/149/38
f 63/156/39 64/155/39 62/154/39 61/153/39
f 62/160/40 57/159/40 58/158/40 61/157/40
v -0.391775173527959 0.9873867738926143 0.00001367463849644146
v -0.3878867371196366 0.9824643640890423 -0.06217072810064811
v -0.25214071700347934 -0.500730434345318 0.12654190507445584
v -0.24825228059515692 -0.5056528441488902 0.06435750233531135
v -0.4499937395210003 0.9763476425832507 -0.06557013551041535
v -0.4538821759293228 0.9812700523868227 -0.0033857327712707996
v -0.31035928299652066 -0.5117695656546819 0.06095809492554405
v -0.3142477194048431 -0.5068471558511097 0.12314249766468865
vt 0 1
vt 0.3333333333333333 1
vt 0.3333333333333333 0
vt 0 0
vt 0 1
vt 0.3333333333333333 1
vt 0.3333333333333333 0
vt 0 0
vt 0 1
vt 0.3333333333333333 1
vt 0.3333333333333333 0
vt 0 0
vt 0 1
vt 0.3333333333333333 1
vt 0.3333333333333333 0
vt 0 0
vt 0 1
vt 0.3333333333333333 1
vt 0.3333333333333333 0.9375
vt 0 0.9375
vn 0.06221498253315853 -0.0787585568571552 -0.9949504438263129
vn 0.9937120384218203 0.09786754409266782 0.054390518556276274
vn -0.06221498253315853 0.0787585568571552 0.9949504438263129
vn -0.9937120384218203 -0.09786754409266782 -0.054390518556276274
vn -0.09308963768298645 0.9920781388252884 -0.08435215362397296
f 68/164/41 71/163/41 69/162/41 66/161/41
f 67/168/42 68/167/42 66/166/42 65/165/42
f 72/172/43 67/171/43 65/170/43 70/169/43
f 71/176/44 72/175/44 70/174/44 69/173/44
f 70/180/45 65/179/45 66/178/45 69/177/45
v -0.35987107168994514 0.9343672701346524 0.037481656524938844
v -0.35209419887330035 0.9245224505275078 -0.08688714895335026
v -0.31332625284845195 0.43832820072200795 0.07965773333692527
v -0.3055493800318071 0.4284833811148636 -0.04471107214136377
v -0.4763082036760279 0.9122890075159242 -0.0936859637728848
v -0.48408507649267263 0.9221338271230686 0.03068284170540425
v -0.42976338483453463 0.41624993810328015 -0.05150988696089831
v -0.43754025765117943 0.4260947577104246 0.07285891851739079
vt 0.3333333333333333 0.875
vt 1 0.875
vt 1 0.375
vt 0.3333333333333333 0.375
vt 0.3333333333333333 0.875
vt 0.9999999999999999 0.875
vt 0.9999999999999999 0.375
vt 0.3333333333333333 0.375
vt 0.3333333333333333 0.875
vt 1 0.875
vt 1 0.375
vt 0.3333333333333333 0.375
vt 0.3333333333333333 0.875
vt 0.9999999999999999 0.875
vt 0.9999999999999999 0.375
vt 0.3333333333333333 0.375
vt 0.3333333333333333 1
vt 1 1
vt 1 0.875
vt 0.3333333333333333 0.875
vt 0.3333333333333333 0.375
vt 1 0.375
vt 1 0.25
vt 0.3333333333333333 0.25
vn 0.06221498253315853 -0.0787585568571552 -0.9949504438263129
vn 0.9937120384218203 0.09786754409266782 0.054390518556276274
vn -0.06221498253315853 0.0787585568571552 0.9949504438263129
vn -0.9937120384218203 -0.09786754409266782 -0.054390518556276274
vn -0.09308963768298645 0.9920781388252884 -0.08435215362397296
vn 0.09308963768298645 -0.9920781388252884 0.08435215362397296
f 76/184/46 79/183/46 77/182/46 74/181/46
f 75/188/47 76/187/47 74/186/47 73/185/47
f 80/192/48 75/191/48 73/190/48 78/189/48
f 79/196/49 80/195/49 78/194/49 77/193/49
f 78/200/50 73/199/50 74/198/50 77/197/50
f 79/204/51 76/203/51 75/202/51 80/201/51
v 0.3733264422742568 0.906449199151504 0.25120435978886213
v 0.38461601824719827 0.918104072145338 0.12726199653138348
v 0.3386815908106414 0.5975496142404171 0.21900139860790624
v 0.34997116678358287 0.6092044872342508 0.0950590353504277
v 0.260900607092882 0.9330081442794529 0.11739459176925515
v 0.24961103111994054 0.921353271285619 0.2413369550267337
v 0.2262557556292666 0.624108559368366 0.08519163058829926
v 0.21496617965632514 0.6124536863745318 0.2091339938457779
vt 0.3333333333333333 0.875
vt 1 0.875
vt 1 0.5625
vt 0.3333333333333333 0.5625
vt 0.3333333333333333 0.75
vt 0.9999999999999999 0.75
vt 0.9999999999999999 0.375
vt 0.3333333333333333 0.375
vt 0.3333333333333333 0.875
vt 1 0.875
vt 1 0.5625
vt 0.3333333333333333 0.5625
vt 0.3333333333333333 0.6875
vt 0.9999999999999999 0.6875
vt 0.9999999999999999 0.375
vt 0.3333333333333333 0.375
vt 0.3333333333333333 1
vt 1 1
vt 1 0.875
vt 0.3333333333333333 0.875
vt 0.3333333333333333 0.375
vt 1 0.375
vt 1 0.25
vt 0.3333333333333333 0.25
vn 0.09031660778353166 0.0932389839506718 -0.9915389060598289
vn 0.9897232892345271 -0.11923257707291895 0.078939238097027
vn -0.09031660778353166 -0.0932389839506718 0.9915389060598289
vn -0.9897232892345271 0.11923257707291895 -0.078939238097027
vn 0.11086352468356933 0.9884786717154785 0.10304947577905868
vn -0.11086352468356933 -0.9884786717154785 -0.10304947577905868
f 84/208/52 87/207/52 85/206/52 82/205/52
f 83/212/53 84/211/53 82/210/53 81/209/53
f 88/216/54 83/215/54 81/214/54 86/213/54
f 87/220/55 88/219/55 86/218/55 85/217/55
f 86/224/56 81/223/56 82/222/56 85/221/56
f 87/228/57 84/227/57 83/226/57 88/225/57
v -0.13887772659137027 1.0181502533589213 -0.27552581142769267
v -0.1988832208020785 1.0007872884941489 -0.38379800599136316
v -0.10212003291391669 0.5230096858357096 -0.2164945455738449
v -0.1621255271246249 0.5056467209709372 -0.3247667401375154
v -0.3081530481184439 0.9999120167339224 -0.32309925198769807
v -0.24814755390773569 1.0172749815986948 -0.21482705742402763
v -0.2713953544409903 0.5047714492107107 -0.26406798613385035
v -0.21138986023028206 0.5221344140754831 -0.15579579157017986
vt 0.3333333333333333 0.875
vt 1 0.875
vt 1 0.375
vt 0.3333333333333333 0.375
vt 0.3333333333333333 0.875
vt 0.9999999999999999 0.875
vt 0.9999999999999999 0.375
vt 0.3333333333333333 0.375
vt 0.3333333333333333 0.875
vt 1 0.875
vt 1 0.375
vt 0.3333333333333333 0.375
vt 0.3333333333333333 0.875
vt 0.9999999999999999 0.875
vt 0.9999999999999999 0.375
vt 0.3333333333333333 0.375
vt 0.3333333333333333 1
vt 1 1
vt 1 0.875
vt 0.3333333333333333 0.875
vt 0.3333333333333333 0.375
vt 1 0.375
vt 1 0.25
vt 0.3333333333333333 0.25
vn -0.48004395368566627 -0.13890371891817932 -0.8661775565093646
vn 0.8741586185309231 0.007002174081811384 -0.4855900320293201
vn 0.48004395368566627 0.13890371891817932 0.8661775565093646
vn -0.8741586185309231 -0.007002174081811384 0.4855900320293201
vn -0.07351538735490695 0.9902811350464209 -0.11806253170769522
vn 0.07351538735490695 -0.9902811350464209 0.11806253170769522
f 92/232/58 95/231/58 93/230/58 90/229/58
f 91/236/59 92/235/59 90/234/59 89/233/59
f 96/240/60 91/239/60 89/238/60 94/237/60
f 95/244/61 96/243/61 94/242/61 93/241/61
f 94/248/62 89/247/62 90/246/62 93/245/62
f 95/252/63 92/251/63 91/250/63 96/249/63