v 0.5 0.5 0.5
v 0.5 0.5 -0.5
v 0.5 -0.5 0.5
v 0.5 -0.5 -0.5
v -0.5 0.5 -0.5
v -0.5 0.5 0.5
v -0.5 -0.5 -0.5
v -0.5 -0.5 0.5
vt 0 1
vt 1 1
vt 1 0
vt 0 0
vt 0 1
vt 1 1
vt 1 0
vt 0 0
vt 0 1
vt 1 1
vt 1 0
vt 0 0
vt 0 1
vt 1 1
vt 1 0
vt 0 0
vt 0 1
vt 1 1
vt 1 0
vt 0 0
vt 0 1
vt 1 1
vt 1 0
vt 0 0
vn 0 0 -1
vn 1 0 0
vn 0 0 1
vn -1 0 0
vn 0 1 0
vn 0 -1 0
f 4/4/1 7/3/1 5/2/1 2/1/1
f 3/8/2 4/7/2 2/6/2 1/5/2
f 8/12/3 3/11/3 1/10/3 6/9/3
f 7/16/4 8/15/4 6/14/4 5/13/4
f 6/20/5 1/19/5 2/18/5 5/17/5
f 7/24/6 4/23/6 3/22/6 8/21/6
g 1
v 0.7562500042768208 0.5303300902023715 -0.5365800754787092
v -0.7437499957231791 0.5303300816487302 -0.5365800961290264
v 0.7562499957231794 -0.5303300815774498 0.5240800963011121
v -0.7437500042768207 -0.5303300901310911 0.5240800756507951
v -0.7437499957231791 0.5303300816487302 -0.5365800961290264
v 0.7562500042768208 0.5303300902023715 -0.5365800754787092
v -0.7437500042768207 -0.5303300901310911 0.5240800756507951
v 0.7562499957231794 -0.5303300815774498 0.5240800963011121
vt 0 1
vt 0 1
vt 0 0
vt 0 0
vt 0 1
vt 0 1
vt 0 0
vt 0 0
vt 0 1
vt 1 1
vt 1 0
vt 0 0
vt 0 1
vt 0 1
vt 0 0
vt 0 0
vt 0 1
vt 0 1
vt 0 0
vt 0 0
vn -1 -5.70242751470675e-9 -1.3766878180347373e-8
vn 1 5.70242751470675e-9 1.3766878180347373e-8
vn -1.3766878062590435e-8 0.7071067811865476 0.7071067811865472
vn 5.702427632463684e-9 0.7071067811865475 -0.7071067811865476
vn -5.702427632463684e-9 -0.7071067811865475 0.7071067811865476
f 12/28/7 15/27/7 13/26/7 10/25/7
f 16/32/8 11/31/8 9/30/8 14/29/8
f 15/36/9 16/35/9 14/34/9 13/33/9
f 14/40/10 9/39/10 10/38/10 13/37/10
f 15/44/11 12/43/11 11/42/11 16/41/11
v 0.7562499957231794 0.5303300815774499 0.5240800963011121
v -0.7437500042768207 0.5303300901310912 0.5240800756507951
v 0.7562500042768208 -0.5303300902023714 -0.5365800754787092
v -0.7437499957231791 -0.5303300816487301 -0.5365800961290264
v -0.7437500042768207 0.5303300901310912 0.5240800756507951
v 0.7562499957231794 0.5303300815774499 0.5240800963011121
v -0.7437499957231791 -0.5303300816487301 -0.5365800961290264
v 0.7562500042768208 -0.5303300902023714 -0.5365800754787092
vt 0 1
vt 0 1
vt 0 0
vt 0 0
vt 0 1
vt 0 1
vt 0 0
vt 0 0
vt 0 1
vt 1 1
vt 1 0
vt 0 0
vt 0 1
vt 0 1
vt 0 0
vt 0 0
vt 0 1
vt 0 1
vt 0 0
vt 0 0
vn -1 5.70242751470675e-9 -1.3766878180347373e-8
vn 1 -5.70242751470675e-9 1.3766878180347373e-8
vn -1.3766878062590435e-8 -0.7071067811865476 0.7071067811865472
vn -5.702427632463684e-9 0.7071067811865475 0.7071067811865476
vn 5.702427632463684e-9 -0.7071067811865475 -0.7071067811865476
f 20/48/12 23/47/12 21/46/12 18/45/12
f 24/52/13 19/51/13 17/50/13 22/49/13
f 23/56/14 24/55/14 22/54/14 21/53/14
f 22/60/15 17/59/15 18/58/15 21/57/15
f 23/64/16 20/63/16 19/62/16 24/61/16
v 0.530330096301111 0.5303300815774503 -0.7624999957231798
v 0.5303300756507958 0.5303300901310908 0.73750000427682
v -0.5303300754787099 -0.5303300902023712 -0.7625000042768205
v -0.5303300961290252 -0.5303300816487305 0.7374999957231796
v 0.5303300756507958 0.5303300901310908 0.73750000427682
v 0.530330096301111 0.5303300815774503 -0.7624999957231798
v -0.5303300961290252 -0.5303300816487305 0.7374999957231796
v -0.5303300754787099 -0.5303300902023712 -0.7625000042768205
vt 0 1
vt 0 1
vt 0 0
vt 0 0
vt 0 1
vt 0 1
vt 0 0
vt 0 0
vt 0 1
vt 1 1
vt 1 0
vt 0 0
vt 0 1
vt 0 1
vt 0 0
vt 0 0
vt 0 1
vt 0 1
vt 0 0
vt 0 0
vn -1.3766876828774112e-8 5.702427089006993e-9 1
vn 1.3766876828774112e-8 -5.702427089006993e-9 -1
vn 0.7071067811865477 -0.7071067811865475 1.3766876825244838e-8
vn 0.7071067811865472 0.7071067811865479 5.702427097527415e-9
vn -0.7071067811865472 -0.7071067811865479 -5.702427097527415e-9
f 28/68/17 31/67/17 29/66/17 26/65/17
f 32/72/18 27/71/18 25/70/18 30/69/18
f 31/76/19 32/75/19 30/74/19 29/73/19
f 30/80/20 25/79/20 26/78/20 29/77/20
f 31/84/21 28/83/21 27/82/21 32/81/21
v -0.5303300754787099 0.5303300902023711 -0.7625000042768205
v -0.5303300961290252 0.5303300816487306 0.7374999957231796
v 0.530330096301111 -0.5303300815774502 -0.7624999957231798
v 0.5303300756507958 -0.5303300901310909 0.73750000427682
v -0.5303300961290252 0.5303300816487306 0.7374999957231796
v -0.5303300754787099 0.5303300902023711 -0.7625000042768205
v 0.5303300756507958 -0.5303300901310909 0.73750000427682
v 0.530330096301111 -0.5303300815774502 -0.7624999957231798
vt 0 1
vt 0 1
vt 0 0
vt 0 0
vt 0 1
vt 0 1
vt 0 0
vt 0 0
vt 0 1
vt 1 1
vt 1 0
vt 0 0
vt 0 1
vt 0 1
vt 0 0
vt 0 0
vt 0 1
vt 0 1
vt 0 0
vt 0 0
vn -1.3766876828774112e-8 -5.702427089006993e-9 1
vn 1.3766876828774112e-8 5.702427089006993e-9 -1
vn 0.7071067811865477 0.7071067811865475 1.3766876825244838e-8
vn -0.7071067811865472 0.7071067811865479 -5.702427097527415e-9
vn 0.7071067811865472 -0.7071067811865479 5.702427097527415e-9
f 36/88/22 39/87/22 37/86/22 34/85/22
f 40/92/23 35/91/23 33/90/23 38/89/23
f 39/96/24 40/95/24 38/94/24 37/93/24
f 38/100/25 33/99/25 34/98/25 37/97/25
f 39/104/26 36/103/26 35/102/26 40/101/26
v 0.5303300963011108 0.7562499957231801 0.5240800815774502
v 0.5303300756507958 -0.7437500042768197 0.5240800901310914
v -0.5303300754787098 0.7562500042768199 -0.5365800902023719
v -0.5303300961290247 -0.7437499957231799 -0.5365800816487307
v 0.5303300756507958 -0.7437500042768197 0.5240800901310914
v 0.5303300963011108 0.7562499957231801 0.5240800815774502
v -0.5303300961290247 -0.7437499957231799 -0.5365800816487307
v -0.5303300754787098 0.7562500042768199 -0.5365800902023719
vt 0 1
vt 0 1
vt 0 0
vt 0 0
vt 0 1
vt 0 1
vt 0 0
vt 0 0
vt 0 1
vt 1 1
vt 1 0
vt 0 0
vt 0 1
vt 0 1
vt 0 0
vt 0 0
vt 0 1
vt 0 1
vt 0 0
vt 0 0
vn -1.3766876492497984e-8 -1 5.70242755395905e-9
vn 1.3766876492497984e-8 1 -5.70242755395905e-9
vn 0.7071067811865479 -1.3766876885021098e-8 -0.707106781186547
vn 0.707106781186547 -5.702426690408199e-9 0.707106781186548
vn -0.707106781186547 5.702426690408199e-9 -0.707106781186548
f 44/108/27 47/107/27 45/106/27 42/105/27
f 48/112/28 43/111/28 41/110/28 46/109/28
f 47/116/29 48/115/29 46/114/29 45/113/29
f 46/120/30 41/119/30 42/118/30 45/117/30
f 47/124/31 44/123/31 43/122/31 48/121/31
v -0.5303300754787095 0.7562500042768208 0.524080090202371
v -0.5303300961290255 -0.7437499957231792 0.524080081648731
v 0.5303300963011115 0.7562499957231794 -0.5365800815774507
v 0.5303300756507956 -0.7437500042768206 -0.5365800901310909
v -0.5303300961290255 -0.7437499957231792 0.524080081648731
v -0.5303300754787095 0.7562500042768208 0.524080090202371
v 0.5303300756507956 -0.7437500042768206 -0.5365800901310909
v 0.5303300963011115 0.7562499957231794 -0.5365800815774507
vt 0 1
vt 0 1
vt 0 0
vt 0 0
vt 0 1
vt 0 1
vt 0 0
vt 0 0
vt 0 1
vt 1 1
vt 1 0
vt 0 0
vt 0 1
vt 0 1
vt 0 0
vt 0 0
vt 0 1
vt 0 1
vt 0 0
vt 0 0
vn -1.3766877277544213e-8 -1 -5.7024267689128245e-9
vn 1.3766877277544213e-8 1 5.7024267689128245e-9
vn 0.7071067811865477 -1.3766876924273406e-8 0.7071067811865471
vn -0.707106781186547 5.702427671715986e-9 0.7071067811865479
vn 0.707106781186547 -5.702427671715986e-9 -0.7071067811865479
f 52/128/32 55/127/32 53/126/32 50/125/32
f 56/132/33 51/131/33 49/130/33 54/129/33
f 55/136/34 56/135/34 54/134/34 53/133/34
f 54/140/35 49/139/35 50/138/35 53/137/35
f 55/144/36 52/143/36 51/142/36 56/141/36