v 0.5 -0.4375 0.5
v 0.5 -0.4375 -0.5
v 0.5 -0.5 0.5
v 0.5 -0.5 -0.5
v -0.5 -0.4375 -0.5
v -0.5 -0.4375 0.5
v -0.5 -0.5 -0.5
v -0.5 -0.5 0.5
vt 1 0.0625
vt 0 0.0625
vt 0 0
vt 1 0
vt 1 -1
vt 0 -1
vt 0 -1.0625
vt 1 -1.0625
vt 1 0.0625
vt 0 0.0625
vt 0 0
vt 1 0
vt 1 0.0625
vt 0 0.0625
vt 0 0
vt 1 0
vt 1 1
vt 0 1
vt 0 0
vt 1 0
vt 0 0
vt 1 0
vt 1 1
vt 0 1
vn 0 0 -1
vn 1 0 0
vn 0 0 1
vn -1 0 0
vn 0 1 0
vn 0 -1 0
f 4/4/1 7/3/1 5/2/1 2/1/1
f 3/8/2 4/7/2 2/6/2 1/5/2
f 8/12/3 3/11/3 1/10/3 6/9/3
f 7/16/4 8/15/4 6/14/4 5/13/4
f 6/20/5 1/19/5 2/18/5 5/17/5
f 7/24/6 4/23/6 3/22/6 8/21/6
v 0 -0.375 0.4375
v 0 -0.375 0.125
v 0 -0.4375 0.4375
v 0 -0.4375 0.125
v -0.4375 -0.375 0.125
v -0.4375 -0.375 0.4375
v -0.4375 -0.4375 0.125
v -0.4375 -0.4375 0.4375
vt 1 0.0625
vt 0.5625 0.0625
vt 0.5625 0
vt 1 0
vt 1.0625 -1
vt 0.75 -1
vt 0.75 -1.0625
vt 1.0625 -1.0625
vt 1 0.125
vt 0.5625 0.125
vt 0.5625 0.0625
vt 1 0.0625
vt 1 0.0625
vt 0.6875 0.0625
vt 0.6875 0
vt 1 0
vt 1 0.3125
vt 0.5625 0.3125
vt 0.5625 0
vt 1 0
vt 0 0
vt 0.4375 0
vt 0.4375 0.3125
vt 0 0.3125
vn 0 0 -1
vn 1 0 0
vn 0 0 1
vn -1 0 0
vn 0 1 0
vn 0 -1 0
f 12/28/7 15/27/7 13/26/7 10/25/7
f 11/32/8 12/31/8 10/30/8 9/29/8
f 16/36/9 11/35/9 9/34/9 14/33/9
f 15/40/10 16/39/10 14/38/10 13/37/10
f 14/44/11 9/43/11 10/42/11 13/41/11
f 15/48/12 12/47/12 11/46/12 16/45/12
v 0 -0.375 0.125
v 0 -0.375 -0.25
v 0 -0.4375 0.125
v 0 -0.4375 -0.25
v -0.3125 -0.375 -0.25
v -0.3125 -0.375 0.125
v -0.3125 -0.4375 -0.25
v -0.3125 -0.4375 0.125
vt 1 0.0625
vt 0.6875 0.0625
vt 0.6875 0
vt 1 0
vt 1.0625 -1
vt 0.6875 -1
vt 0.6875 -1.0625
vt 1.0625 -1.0625
vt 1.375 -1
vt 1.0625 -1
vt 1.0625 -1.0625
vt 1.375 -1.0625
vt 1 0.0625
vt 0.625 0.0625
vt 0.625 0
vt 1 0
vt 1 0.375
vt 0.6875 0.375
vt 0.6875 0
vt 1 0
vt 0 0
vt 0.3125 0
vt 0.3125 0.375
vt 0 0.375
vn 0 0 -1
vn 1 0 0
vn 0 0 1
vn -1 0 0
vn 0 1 0
vn 0 -1 0
f 20/52/13 23/51/13 21/50/13 18/49/13
f 19/56/14 20/55/14 18/54/14 17/53/14
f 24/60/15 19/59/15 17/58/15 22/57/15
f 23/64/16 24/63/16 22/62/16 21/61/16
f 22/68/17 17/67/17 18/66/17 21/65/17
f 23/72/18 20/71/18 19/70/18 24/69/18
v 0.125 -0.3125 0.25
v 0.125 -0.3125 -0.0625
v 0.125 -0.375 0.25
v 0.125 -0.375 -0.0625
v -0.25 -0.3125 -0.0625
v -0.25 -0.3125 0.25
v -0.25 -0.375 -0.0625
v -0.25 -0.375 0.25
vt 1 0.0625
vt 0.625 0.0625
vt 0.625 0
vt 1 0
vt 1.0625 -1
vt 0.75 -1
vt 0.75 -1.0625
vt 1.0625 -1.0625
vt 1 0.0625
vt 0.625 0.0625
vt 0.625 0
vt 1 0
vt 1 0.0625
vt 0.6875 0.0625
vt 0.6875 0
vt 1 0
vt 1 0.3125
vt 0.625 0.3125
vt 0.625 0
vt 1 0
vt 0 0
vt 0.125 0
vt 0.125 0.0625
vt 0 0.0625
vn 0 0 -1
vn 1 0 0
vn 0 0 1
vn -1 0 0
vn 0 1 0
vn 0 -1 0
f 28/76/19 31/75/19 29/74/19 26/73/19
f 27/80/20 28/79/20 26/78/20 25/77/20
f 32/84/21 27/83/21 25/82/21 30/81/21
f 31/88/22 32/87/22 30/86/22 29/85/22
f 30/92/23 25/91/23 26/90/23 29/89/23
f 31/96/24 28/95/24 27/94/24 32/93/24
v 0.25 -0.25 0
v 0.25 -0.25 -0.1875
v 0.25 -0.375 0
v 0.25 -0.375 -0.1875
v 0.0625 -0.25 -0.1875
v 0.0625 -0.25 0
v 0.0625 -0.375 -0.1875
v 0.0625 -0.375 0
vt 1 0.125
vt 0.8125 0.125
vt 0.8125 0
vt 1 0
vt 1 0.125
vt 0.8125 0.125
vt 0.8125 0
vt 1 0
vt 1 0.125
vt 0.8125 0.125
vt 0.8125 0
vt 1 0
vt 1 0.125
vt 0.8125 0.125
vt 0.8125 0
vt 1 0
vt 1 0.1875
vt 0.8125 0.1875
vt 0.8125 0
vt 1 0
vt 0.0625 0
vt 0.25 0
vt 0.25 0.1875
vt 0.0625 0.1875
vn 0 0 -1
vn 1 0 0
vn 0 0 1
vn -1 0 0
vn 0 1 0
vn 0 -1 0
f 36/100/25 39/99/25 37/98/25 34/97/25
f 35/104/26 36/103/26 34/102/26 33/101/26
f 40/108/27 35/107/27 33/106/27 38/105/27
f 39/112/28 40/111/28 38/110/28 37/109/28
f 38/116/29 33/115/29 34/114/29 37/113/29
f 39/120/30 36/119/30 35/118/30 40/117/30
v 0.4375 -0.375 0.3125
v 0.4375 -0.375 -0.375
v 0.4375 -0.4375 0.3125
v 0.4375 -0.4375 -0.375
v 0 -0.375 -0.375
v 0 -0.375 0.3125
v 0 -0.4375 -0.375
v 0 -0.4375 0.3125
vt 1 0.0625
vt 0.5625 0.0625
vt 0.5625 0
vt 1 0
vt 1.0625 -1
vt 0.375 -1
vt 0.375 -1.0625
vt 1.0625 -1.0625
vt 1 0.0625
vt 0.5625 0.0625
vt 0.5625 0
vt 1 0
vt 1 0.0625
vt 0.3125 0.0625
vt 0.3125 0
vt 1 0
vt 1 0.6875
vt 0.5625 0.6875
vt 0.5625 0
vt 1 0
vt 0 0
vt 0.4375 0
vt 0.4375 0.375
vt 0 0.375
vn 0 0 -1
vn 1 0 0
vn 0 0 1
vn -1 0 0
vn 0 1 0
vn 0 -1 0
f 44/124/31 47/123/31 45/122/31 42/121/31
f 43/128/32 44/127/32 42/126/32 41/125/32
f 48/132/33 43/131/33 41/130/33 46/129/33
f 47/136/34 48/135/34 46/134/34 45/133/34
f 46/140/35 41/139/35 42/138/35 45/137/35
f 47/144/36 44/143/36 43/142/36 48/141/36
g 1
v 0.5656199781447833 -0.017859137037154582 0.3157397269379523
v 0.23490946565079876 0.09067097400467689 -0.20337179472498856
v 0.5306320664508152 -0.3871620444167326 0.26081970657847037
v 0.19992155395683076 -0.2786319333749011 -0.2582918150844705
v -0.18678625725564413 0.09067097400467689 0.06527800944842341
v 0.14392425523834035 -0.017859137037154582 0.5843895311113643
v -0.2217741689496121 -0.2786319333749011 0.01035798908894145
v 0.10893634354437234 -0.3871620444167326 0.5294695107518823
vt 0.4583334375 1
vt 0.4583334375 0.6145834375
vt 0.3145832291666667 0.6145834375
vt 0.3145832291666667 1
vt 0 0.6145834375
vt 0 1
vt 0.1437498958333333 1
vt 0.1437498958333333 0.6145834375
vt 0.1458334375 0.2291665625
vt 0.3125 0.2291665625
vt 0.3125 0.6145834375
vt 0.1458334375 0.6145834375
vt 0.3125 1
vt 0.1458334375 1
vt 0.1458334375 0.6156248958333334
vt 0.3125 0.6156248958333334
vn 0.8433914458128858 1.387778780781446e-17 -0.537299608346824
vn -0.8433914458128858 -1.387778780781446e-17 0.537299608346824
vn 0.09330109785058135 0.9848077530122081 0.14645338762528523
vn -0.09330109785058135 -0.9848077530122081 -0.14645338762528523
f 51/148/37 52/147/37 50/146/37 49/145/37
f 55/152/38 56/151/38 54/150/38 53/149/38
f 54/156/39 49/155/39 50/154/39 53/153/39
f 55/160/40 52/159/40 51/158/40 56/157/40
v -0.11538534060392208 -0.11197142494341927 0.0658609230687135
v 0.024719274524448498 -0.03080656971663076 -0.2723815389252614
v -0.08432489521831904 -0.47808242761339426 -0.009125625434558193
v 0.05577971991005154 -0.39691757238660574 -0.34736808742853315
v -0.321735550167284 -0.03080656971663076 -0.4158878260621701
v -0.4618401652956546 -0.11197142494341927 -0.07764536406819517
v -0.29067510478168096 -0.39691757238660574 -0.4908743745654418
v -0.43077971991005154 -0.47808242761339426 -0.15263191257146685
vt 0.5833332291666666 0.5375
vt 0.4583334375 0.5375
vt 0.4583334375 0.3072915625
vt 0.5833332291666666 0.3072915625
vt 0.7083334375 0.7687501041666667
vt 0.5843751041666667 0.7687501041666667
vt 0.5843751041666667 0.5364584375
vt 0.7083334375 0.5364584375
vt 0.7083334375 0.5375
vt 0.5843748958333334 0.5375
vt 0.5843748958333334 0.3072915625
vt 0.7083334375 0.3072915625
vt 0.5833334375 0.76875
vt 0.4583334375 0.76875
vt 0.4583334375 0.5385417708333333
vt 0.5833334375 0.5385417708333333
vt 0.4583334375 0.7687501041666667
vt 0.5833334375 0.7687501041666667
vt 0.5833334375 1
vt 0.4583334375 1
vn 0.37361230700898823 0.21643961393810288 -0.9019798986505999
vn 0.9238795325112867 -1.3877787807814457e-17 0.3826834323650898
vn -0.37361230700898823 -0.21643961393810288 0.9019798986505999
vn -0.9238795325112867 1.3877787807814457e-17 -0.3826834323650898
vn -0.08282785436160812 0.9762960071199334 0.19996412934205784
f 60/164/41 63/163/41 61/162/41 58/161/41
f 59/168/42 60/167/42 58/166/42 57/165/42
f 64/172/43 59/171/43 57/170/43 62/169/43
f 63/176/44 64/175/44 62/174/44 61/173/44
f 62/180/45 57/179/45 58/178/45 61/177/45
v -0.20563970964642814 0.0601445601500169 0.05773389166919671
v -0.13665588240099077 0.002470339065657662 0.01397414074572692
v -0.37764137188004987 -0.3363460600274458 0.309151107269406
v -0.30865754463461254 -0.3940202811118051 0.26539135634593614
v -0.20035712811978743 -0.017163604673797628 -0.060568863936868333
v -0.2693409553652248 0.04051061641056161 -0.01680911301339849
v -0.3723587903534092 -0.41365422485126047 0.19084835166334094
v -0.4413426175988465 -0.3559800037669012 0.23460810258681072
vt 0.7708334375 1
vt 0.7291665625 1
vt 0.7291665625 0.69375
vt 0.7708334375 0.69375
vt 0.7708334375 1
vt 0.7291665625 1
vt 0.7291665625 0.6958334374999999
vt 0.7708334375 0.6958334374999999
vt 0.7708334375 1
vt 0.7291665625 1
vt 0.7291665625 0.6958334374999999
vt 0.7708334375 0.6958334374999999
vt 0.7708334375 1
vt 0.7291665625 1
vt 0.7291665625 0.69375
vt 0.7708334375 0.69375
vt 0.7291665625 0.5770834375
vt 0.7708334375 0.5770834375
vt 0.7708334375 0.6541665624999999
vt 0.7291665625 0.6541665624999999
vt 0.7291665625 0.5770834375
vt 0.7708334375 0.5770834375
vt 0.7708334375 0.6541665624999999
vt 0.7291665625 0.6541665624999999
vn 0.6898382724543735 -0.5767422108435921 -0.43759750923469776
vn 0.6370124571879661 0.19633943739455284 0.7454300468259516
vn -0.6898382724543735 0.5767422108435921 0.43759750923469776
vn -0.6370124571879661 -0.19633943739455284 -0.7454300468259516
vn 0.34400332446724363 0.7929812403549256 -0.5028344312004185
vn -0.34400332446724363 -0.7929812403549256 0.5028344312004185
f 68/184/46 71/183/46 69/182/46 66/181/46
f 67/188/47 68/187/47 66/186/47 65/185/47
f 72/192/48 67/191/48 65/190/48 70/189/48
f 71/196/49 72/195/49 70/194/49 69/193/49
f 70/200/50 65/199/50 66/198/50 69/197/50
f 71/204/51 68/203/51 67/202/51 72/201/51
v -0.2368758004029935 0.09473168496614853 -0.00852723895201249
v -0.15064601634619684 0.022638908610699504 -0.06322692760634971
v -0.27127613284971785 0.01543356093065601 0.04175620416802936
v -0.1850463487929212 -0.056659215424793075 -0.01294348448630786
v -0.2143472620649935 0.0030049648712441868 -0.13776993228894494
v -0.30057704612179015 0.07509774122669327 -0.08307024363460772
v -0.24874759451171785 -0.07629315916424834 -0.08748648916890309
v -0.3349773785685145 -0.004200382808799363 -0.03278680051456587
vt 0.8333334375 1
vt 0.7916665625 1
vt 0.7916665625 0.9229165625
vt 0.8333334375 0.9229165625
vt 0.8333334375 1
vt 0.7916665625 1
vt 0.7916665625 0.9229165625
vt 0.8333334375 0.9229165625
vt 0.8333334375 1
vt 0.7916665625 1
vt 0.7916665625 0.9229165625
vt 0.8333334375 0.9229165625
vt 0.8333334375 1
vt 0.7916665625 1
vt 0.7916665625 0.9229165625
vt 0.8333334375 0.9229165625
vt 0.7916665625 0.9229165625
vt 0.8333334375 0.9229165625
vt 0.8333334375 1
vt 0.7916665625 1
vt 0.7916665625 0.9229165625
vt 0.8333334375 0.9229165625
vt 0.8333334375 1
vt 0.7916665625 1
vn 0.6898382724543735 -0.5767422108435921 -0.43759750923469776
vn 0.6370124571879661 0.19633943739455284 0.7454300468259516
vn -0.6898382724543735 0.5767422108435921 0.43759750923469776
vn -0.6370124571879661 -0.19633943739455284 -0.7454300468259516
vn 0.34400332446724363 0.7929812403549256 -0.5028344312004185
vn -0.34400332446724363 -0.7929812403549256 0.5028344312004185
f 76/208/52 79/207/52 77/206/52 74/205/52
f 75/212/53 76/211/53 74/210/53 73/209/53
f 80/216/54 75/215/54 73/214/54 78/213/54
f 79/220/55 80/219/55 78/218/55 77/217/55
f 78/224/56 73/223/56 74/222/56 77/221/56
f 79/228/57 76/227/57 75/226/57 80/225/57
v -0.15724924325449774 0.11927411464046761 0.08465151690123149
v -0.07101945919770108 0.04718133828501858 0.02995182824689427
v -0.1916495757012221 0.03997599060497509 0.13493496002127334
v -0.10541979164442544 -0.032116785750474 0.08023527136693612
v -0.13472070491649774 0.027547394545563264 -0.04459117643570096
v -0.2209504889732944 0.09964017090101235 0.010108512218636262
v -0.1691210373632221 -0.05175072948992926 0.005692266684340891
v -0.25535082142001875 0.020342046865519714 0.06039195533867811
vt 0.8333334375 1
vt 0.7916665625 1
vt 0.7916665625 0.9229165625
vt 0.8333334375 0.9229165625
vt 0.8333334375 1
vt 0.7916665625 1
vt 0.7916665625 0.9229165625
vt 0.8333334375 0.9229165625
vt 0.8333334375 1
vt 0.7916665625 1
vt 0.7916665625 0.9229165625
vt 0.8333334375 0.9229165625
vt 0.8333334375 1
vt 0.7916665625 1
vt 0.7916665625 0.9229165625
vt 0.8333334375 0.9229165625
vt 0.7916665625 0.9229165625
vt 0.8333334375 0.9229165625
vt 0.8333334375 1
vt 0.7916665625 1
vt 0.7916665625 0.9229165625
vt 0.8333334375 0.9229165625
vt 0.8333334375 1
vt 0.7916665625 1
vn 0.6898382724543735 -0.5767422108435921 -0.43759750923469776
vn 0.6370124571879661 0.19633943739455284 0.7454300468259516
vn -0.6898382724543735 0.5767422108435921 0.43759750923469776
vn -0.6370124571879661 -0.19633943739455284 -0.7454300468259516
vn 0.34400332446724363 0.7929812403549256 -0.5028344312004185
vn -0.34400332446724363 -0.7929812403549256 0.5028344312004185
f 84/232/58 87/231/58 85/230/58 82/229/58
f 83/236/59 84/235/59 82/234/59 81/233/59
f 88/240/60 83/239/60 81/238/60 86/237/60
f 87/244/61 88/243/61 86/242/61 85/241/61
f 86/248/62 81/247/62 82/246/62 85/245/62
f 87/252/63 84/251/63 83/250/63 88/249/63
v -0.40887746263661523 -0.3017589352113142 0.24288997664819675
v -0.3226476785798186 -0.3738517115667632 0.18819028799385953
v -0.4432777950833396 -0.3810570592468067 0.29317341976823863
v -0.35704801102654293 -0.4531498356022558 0.23847373111390138
v -0.3863489242986152 -0.39348565530621854 0.11364728331126431
v -0.4725787083554119 -0.32139287895076946 0.16834697196560153
v -0.4207492567453396 -0.47278377934171106 0.16393072643130616
v -0.5069790408021362 -0.4006910029862621 0.21863041508564338
vt 0.8333334375 1
vt 0.7916665625 1
vt 0.7916665625 0.9229165625
vt 0.8333334375 0.9229165625
vt 0.8333334375 1
vt 0.7916665625 1
vt 0.7916665625 0.9229165625
vt 0.8333334375 0.9229165625
vt 0.8333334375 1
vt 0.7916665625 1
vt 0.7916665625 0.9229165625
vt 0.8333334375 0.9229165625
vt 0.8333334375 1
vt 0.7916665625 1
vt 0.7916665625 0.9229165625
vt 0.8333334375 0.9229165625
vt 0.7916665625 0.9229165625
vt 0.8333334375 0.9229165625
vt 0.8333334375 1
vt 0.7916665625 1
vt 0.7916665625 0.9229165625
vt 0.8333334375 0.9229165625
vt 0.8333334375 1
vt 0.7916665625 1
vn 0.6898382724543735 -0.5767422108435921 -0.43759750923469776
vn 0.6370124571879661 0.19633943739455284 0.7454300468259516
vn -0.6898382724543735 0.5767422108435921 0.43759750923469776
vn -0.6370124571879661 -0.19633943739455284 -0.7454300468259516
vn 0.34400332446724363 0.7929812403549256 -0.5028344312004185
vn -0.34400332446724363 -0.7929812403549256 0.5028344312004185
f 92/256/64 95/255/64 93/254/64 90/253/64
f 91/260/65 92/259/65 90/258/65 89/257/65
f 96/264/66 91/263/66 89/262/66 94/261/66
f 95/268/67 96/267/67 94/266/67 93/265/67
f 94/272/68 89/271/68 90/270/68 93/269/68
f 95/276/69 92/275/69 91/274/69 96/273/69
v -0.3292509054881195 -0.2772165055369951 0.33606873250144076
v -0.24302112143132287 -0.34930928189244415 0.2813690438471035
v -0.3636512379348439 -0.35651462957248764 0.3863521756214826
v -0.27742145387804723 -0.4286074059279367 0.33165248696714533
v -0.3067223671501195 -0.36894322563189946 0.20682603916450829
v -0.3929521512069162 -0.2968504492764504 0.26152572781884553
v -0.3411226995968439 -0.448241349667392 0.2571094822845501
v -0.42735248365364054 -0.376148573311943 0.3118091709388874
vt 0.8333334375 1
vt 0.7916665625 1
vt 0.7916665625 0.9229165625
vt 0.8333334375 0.9229165625
vt 0.8333334375 1
vt 0.7916665625 1
vt 0.7916665625 0.9229165625
vt 0.8333334375 0.9229165625
vt 0.8333334375 1
vt 0.7916665625 1
vt 0.7916665625 0.9229165625
vt 0.8333334375 0.9229165625
vt 0.8333334375 1
vt 0.7916665625 1
vt 0.7916665625 0.9229165625
vt 0.8333334375 0.9229165625
vt 0.7916665625 0.9229165625
vt 0.8333334375 0.9229165625
vt 0.8333334375 1
vt 0.7916665625 1
vt 0.7916665625 0.9229165625
vt 0.8333334375 0.9229165625
vt 0.8333334375 1
vt 0.7916665625 1
vn 0.6898382724543735 -0.5767422108435921 -0.43759750923469776
vn 0.6370124571879661 0.19633943739455284 0.7454300468259516
vn -0.6898382724543735 0.5767422108435921 0.43759750923469776
vn -0.6370124571879661 -0.19633943739455284 -0.7454300468259516
vn 0.34400332446724363 0.7929812403549256 -0.5028344312004185
vn -0.34400332446724363 -0.7929812403549256 0.5028344312004185
f 100/280/70 103/279/70 101/278/70 98/277/70
f 99/284/71 100/283/71 98/282/71 97/281/71
f 104/288/72 99/287/72 97/286/72 102/285/72
f 103/292/73 104/291/73 102/290/73 101/289/73
f 102/296/74 97/295/74 98/294/74 101/293/74
f 103/300/75 100/299/75 99/298/75 104/297/75